0.8738333333333334
f1: [0.60220704 0.92502724]
recall: [0.51069519 0.95735957]
precision: [0.73367478 0.89480743]

0.87
f1: [0.61462451 0.92181235]
recall: [0.53299057 0.95137596]
precision: [0.72578763 0.89403072]

0.8605
f1: [0.60611765 0.91524051]
recall: [0.52485738 0.94678399]
precision: [0.71714922 0.88573109]

0.8365
f1: [0.55185016 0.90001019]
recall: [0.44773907 0.94925822]
precision: [0.71904762 0.85562016]

0.8303333333333334
f1: [0.59116466 0.89295478]
recall: [0.49932157 0.93813522]
precision: [0.72440945 0.85192616]

0.8261666666666667
f1: [0.54073096 0.89279474]
recall: [0.44428365 0.94045041]
precision: [0.69066367 0.84973586]

0.8406666666666667
f1: [0.55243446 0.90308191]
recall: [0.46788263 0.93986073]
precision: [0.67428571 0.86907317]

0.8215
f1: [0.49072753 0.89178539]
recall: [0.39299315 0.94154043]
precision: [0.65316456 0.84702495]

0.8455
f1: [0.61262014 0.90350786]
recall: [0.53270349 0.93858131]
precision: [0.7207473  0.87096127]

0.8306666666666667
f1: [0.58258012 0.89379051]
recall: [0.49719495 0.93463052]
precision: [0.70337302 0.85637019]

0.8168333333333333
f1: [0.55451966 0.88471625]
recall: [0.46435845 0.93152198]
precision: [0.68812877 0.84238913]

0.8228333333333333
f1: [0.52734549 0.89098554]
recall: [0.42939899 0.9404633 ]
precision: [0.68317972 0.84645362]

0.8233333333333334
f1: [0.47628458 0.89374499]
recall: [0.37952756 0.94249471]
precision: [0.63925729 0.84979032]

0.8585
f1: [0.59202307 0.91440669]
recall: [0.5124792  0.94518549]
precision: [0.70079636 0.88556922]